#black mage icon
circle
200 200 0 150
circle
200 200 0 149
circle
200 200 0 148
circle
200 200 0 147
circle
200 200 0 146
circle
200 200 0 145
circle
200 200 0 144
circle
200 200 0 143
circle
200 200 0 142
circle
200 200 0 141
circle
200 200 0 140
#first curve
bezier
134 334.0 160 379 223 434 251.0 435.0
bezier
133 333.67 159 379 222 434 250.55 435.5
bezier
132 333.34 158 379 221 434 250.1 436.0
bezier
131 333.01 157 379 220 434 249.65 436.5
bezier
130 332.68 156 379 219 434 249.2 437.0
bezier
129 332.35 155 379 218 434 248.75 437.5
bezier
128 332.02 154 379 217 434 248.3 438.0
bezier
127 331.69 153 379 216 434 247.85 438.5
bezier
126 331.36 152 379 215 434 247.4 439.0
bezier
125 331.03 151 379 214 434 246.95 439.5
#second curve
bezier
249 437.0 239 424 237 404 240.0 393.0
bezier
248 437.33 238 424 236 404 239.55 393.5
bezier
247 437.66 237 424 235 404 239.1 394.0
bezier
246 437.99 236 424 234 404 238.65 394.5
bezier
245 438.32 235 424 233 404 238.2 395.0
bezier
244 438.65 234 424 232 404 237.75 395.5
bezier
243 438.98 233 424 231 404 237.3 396.0
bezier
242 439.31 232 424 230 404 236.85 396.5
bezier
241 439.64 231 424 229 404 236.4 397.0
bezier
240 439.97 230 424 228 404 235.95 397.5
#third curve
bezier
240.0 393.0 299 403 331 460 430.0 470.0
bezier
239.5 393.33 298 403 330 460 429.55 470.5
bezier
239.0 393.66 297 403 329 460 429.1 471.0
bezier
238.5 393.99 296 403 328 460 428.65 471.5
bezier
238.0 394.32 295 403 327 460 428.2 472.0
bezier
237.5 394.65 294 403 326 460 427.75 472.5
bezier
237.0 394.98 293 403 325 460 427.3 473.0
bezier
236.5 395.31 292 403 324 460 426.85 473.5
bezier
236.0 395.64 291 403 323 460 426.4 474.0
bezier
235.5 395.97 290 403 322 460 425.95 474.5
#fourth curve
bezier
430.0 470.0 388 447 370 387 377.0 326.0
bezier
429.5 470.33 387 447 369 387 376.55 326.5
bezier
429.0 470.66 386 447 368 387 376.1 327.0
bezier
428.5 470.99 385 447 367 387 375.65 327.5
bezier
428.0 471.32 384 447 366 387 375.2 328.0
bezier
427.5 471.65 383 447 365 387 374.75 328.5
bezier
427.0 471.98 382 447 364 387 374.3 329.0
bezier
426.5 472.31 381 447 363 387 373.85 329.5
bezier
426.0 472.64 380 447 362 387 373.4 330.0
bezier
425.5 472.97 379 447 361 387 372.95 330.5
#fifth curve
bezier
377.0 326.0 395 322 420 335 426.0 350.0
bezier
376.5 326.33 394 322 419 335 425.55 350.5
bezier
376.0 326.66 393 322 418 335 425.1 351.0
bezier
375.5 326.99 392 322 417 335 424.65 351.5
bezier
375.0 327.32 391 322 416 335 424.2 352.0
bezier
374.5 327.65 390 322 415 335 423.75 352.5
bezier
374.0 327.98 389 322 414 335 423.3 353.0
bezier
373.5 328.31 388 322 413 335 422.85 353.5
bezier
373.0 328.64 387 322 412 335 422.4 354.0
bezier
372.5 328.97 386 322 411 335 421.95 354.5
#sixth curve
bezier
426.0 350.0 436 297 437 252 345.0 160.0
bezier
425.5 350.33 435 297 436 252 344.55 160.5
bezier
425.0 350.66 434 297 435 252 344.1 161.0
bezier
424.5 350.99 433 297 434 252 343.65 161.5
bezier
424.0 351.32 432 297 433 252 343.2 162.0
bezier
423.5 351.65 431 297 432 252 342.75 162.5
bezier
423.0 351.98 430 297 431 252 342.3 163.0
bezier
422.5 352.31 429 297 430 252 341.85 163.5
bezier
422.0 352.64 428 297 429 252 341.4 164.0
bezier
421.5 352.97 427 297 428 252 340.95 164.5
display
save
blackmageicon.png